98 0.00019986207360914702
0.28569521270095777 -1.789527879455054
8.266447857350048 -2015.1119530822293
4.487854900621642 -355.62259512647915
7.630985594028218 -1599.5529658223163
7.025153557102485 -1260.9535465118597
6.539662646556074 -1027.1869642478694
6.288284631909775 -918.5114506833585
6.023466475707611 -812.6701893050308
5.484799514394698 -623.2946404583397
9.432626190634089 -2955.0486646304707
5.333308890300689 -575.9858287928954
6.14994431290388 -862.1024678647697
0.03226793183646315 -0.4816253758196561
7.814401029793 -1712.9134415734718
9.037130438378796 -2609.162713927386
0.25059248257682043 -1.5814152787436788
0.836732961199969 -7.232270454052125
8.493560676578682 -2179.5385062699193
6.909327528611843 -1202.2265621251313
3.800894963195546 -225.39676812717082
6.221032399526255 -890.7768816230807
6.0839480871727645 -836.0596972089318
3.268051359549993 -150.17545755506455
9.862505865191896 -3364.4030626226886
0.5367877711437927 -3.708660790173044
7.288765836257852 -1401.6389644545498
5.202418107635118 -537.0944251870233
7.999784209730759 -1832.888673354848
0.7782903596878619 -6.417843516762231
8.893956521269509 -2490.968302537607
7.349288425092247 -1435.4024663375994
3.8093867024367434 -226.76672047952954
8.469615563703087 -2161.825232641338
7.297390554355282 -1406.424976504201
9.983358998977465 -3485.9576874314544
6.907442023269425 -1201.3000103665584
5.7153746322532495 -700.2126757238136
0.41143036132911703 -2.6526709919773963
4.1389205758806025 -284.4627062834295
4.310301638551191 -318.07210761566176
3.303005365501887 -154.4620238015464
2.1146398894959635 -49.440859496382274
9.492464441293926 -3009.9185895933474
8.706281202537006 -2341.5484781482783
3.0928535760511284 -129.77301714161095
8.307851699747328 -2044.4442498926362
4.2276784912481435 -301.55787304446466
3.840867498309322 -231.88075820114958
5.032788737960477 -489.41379429784064
9.019025208157938 -2594.0215553887238
1.2007837784923385 -14.055535488712799
0.24277757210577633 -1.5196258663869318
4.959475963179019 -469.70656888410764
7.205530975446706 -1356.139113696051
2.0327353389858853 -44.93873667364441
7.511780637340429 -1528.6133925422475
3.8732160644208165 -237.26471566822678
7.240703078132501 -1375.2342023838803
5.510439705908825 -631.5410646835511
2.128259768468306 -50.23392900969651
3.8687427104378926 -236.51110354696044
2.7268389987046078 -93.46408150990824
7.1424137454975885 -1322.314602795503
2.5267267986076156 -76.92254009431936
5.272546738979527 -557.6973604530627
2.1886313659692735 -53.77089624227101
3.382008377558421 -164.52367894634753
8.154834021396425 -1937.4146733307232
8.426703662796026 -2130.2664023720654
7.085552644705054 -1292.3107170387307
3.9175153439536707 -244.71883693237416
9.825903793416263 -3328.156136391429
7.567044561040728 -1561.2285272104561
4.723160979940857 -409.8739926386264
4.097150420005047 -276.67309144509954
1.0685243920023915 -11.198536365639336
9.250950787737743 -2792.5839183009302
1.233951917990952 -14.843530142110879
0.23930395487735012 -1.5208734811293
7.621588131308002 -1593.8839322434746
1.1036479080755353 -11.9371532680467
3.0514673655301436 -125.24618886451451
9.37606358165619 -2903.822626471202
8.568760892131902 -2235.93891338472
1.9684170983415168 -41.60565750881756
6.487587706435328 -1004.0102896357267
1.1762436005230459 -13.493115149028814
1.4883191813405219 -22.01139485565724
3.516905219489921 -182.7161831532792
5.533706293003647 -639.1018200429866
6.942692762925994 -1218.9410696274958
2.947151340060083 -114.3466107868534
2.6325095107358827 -85.40724976361577
0.10142706914603572 -0.7895294573783641
4.552613876675615 -370.02617403461005
9.723279977041702 -3227.9287610146685
0.29050560711669604 -1.804264855647686
9.5775364307191 -3089.081245654873